 recur num:   1    seed num:   2  ------->   NS=   -0.1218    <-------- by node  1
 recur num:   1    seed num:   1  ------->   NS=   -0.1669    <-------- by node  0
 recur num:   1    seed num:   4  ------->   NS=   -0.2736    <-------- by node  3
 recur num:   1    seed num:   5  ------->   NS=   -0.2987    <-------- by node  4
 recur num:   1    seed num:   3  ------->   NS=   -0.1784    <-------- by node  2
 recur num:   1    seed num:   9  ------->   NS=   -0.2040    <-------- by node  3
 recur num:   1    seed num:   6  ------->   NS=   -0.1644    <-------- by node  0
 recur num:   1    seed num:   8  ------->   NS=   -0.0933    <-------- by node  2
 recur num:   1    seed num:   7  ------->   NS=   -0.1696    <-------- by node  1
 myid:           1 recv:        -933           2 int_old -2147483648
 recur num:   1    seed num:  10  ------->   NS=   -0.1842    <-------- by node  4
 myid:           4 recv:        -933           2 int_old -2147483648
 myid:           3 recv:        -933           2 int_old -2147483648
 myid:           0 recv:        -933           2 int_old -2147483648
 myid:           2 recv:        -933           2 int_old -2147483648
 myid:---->           2 -0.10997238     -0.12609187     -0.10279281      0.15541761      4.21902537E-03  1.94607526E-02 -9.86913443E-02 -5.81912547E-02  0.17968430     -0.12927061     -0.16947670     -0.19425607     -1.19446069E-02 -3.66325378E-02 -4.94137108E-02  3.37275267E-02 -0.16276816      3.69021147E-02  1.13226175E-02 -0.11050081     -9.96953472E-02  5.37974685E-02 -7.51746222E-02  9.63510722E-02  0.10545577      0.11620952     -8.77680779E-02 -0.11025286      0.11082064     -6.54226542E-02  0.11947243      0.14947499     -0.17898546     -0.15948632      3.95781249E-02 -1.52716190E-02 -4.86662388E-02  4.90052998E-03  0.21081007      0.26625293      0.20467806      9.97897983E-02  0.60993588      0.67128539      0.19716603      0.80273002      0.21131188      0.42945117      0.17426068      0.36441797      0.98051494      7.14263320E-02  0.20292908      0.86257601      0.38456130      0.12485528      0.30890685      0.81633455      0.68384475      0.88603491      0.47770238      0.47097468      0.95105851      0.94728088      0.45509815      0.29712498      0.80005848      8.47079158E-02  0.70290351      0.95371354      0.17447287      0.57089269      0.45293456      0.92933798      0.40929657      0.84898460       192.44180       215.48907       385.49954       245.67638       175.38858       85.369904       278.84351       167.72710       425.68744       394.55692       287.33435       130.12093       96.229034       94.785408       251.52554       302.80780       130.81241       318.22372       304.44345       283.81729       386.63043       169.05156       98.608711       157.79236       318.47394       47.684792       213.46478       254.54193       149.09390       268.59137       361.25507       362.02911       380.48428       192.39777       247.99962       79.720360       45.540291       401.16312      5.03329039E-02  0.14959502       1.4598446      0.67174923      5.91113567E-02  0.64263201      7.97287226E-02  0.48507833       1.5513357       1.5256509      0.20344388      0.31024611      0.88184690       1.9721396      0.44561684       1.0372555      0.73049283       1.1413907       1.0474843       1.3291783       1.2866821       1.1721786       1.2490051      0.83744013       1.4235188      0.42160332      8.17492008E-02   1.3296735      0.32300985      0.67545652      3.93109322E-02  0.23208570      0.41233873       1.3465581       1.2082498       1.0167677      0.79620504      0.45107710    
 myid:---->           0 -2.87536709E-35  6.86636248E-44 -2.87536709E-35  6.86636248E-44   0.0000000       0.0000000       0.0000000       0.0000000       0.0000000       0.0000000       0.0000000       0.0000000       0.0000000       0.0000000       0.0000000       0.0000000       0.0000000       0.0000000       0.0000000       0.0000000       0.0000000       0.0000000       0.0000000       0.0000000       0.0000000       0.0000000       0.0000000       0.0000000       0.0000000       0.0000000       0.0000000       0.0000000       0.0000000       0.0000000       0.0000000       0.0000000       0.0000000       0.0000000       0.0000000       0.0000000       0.0000000       0.0000000       0.0000000       0.0000000       0.0000000       0.0000000       0.0000000       0.0000000       0.0000000       0.0000000       0.0000000       0.0000000       0.0000000       0.0000000       0.0000000       0.0000000       0.0000000       0.0000000       0.0000000       0.0000000       0.0000000       0.0000000       0.0000000       0.0000000       0.0000000       0.0000000       0.0000000       0.0000000       0.0000000       0.0000000       0.0000000       0.0000000       0.0000000       0.0000000       0.0000000       0.0000000       0.0000000       0.0000000       0.0000000       0.0000000       0.0000000       0.0000000       0.0000000       0.0000000       0.0000000       0.0000000       0.0000000       0.0000000       0.0000000       0.0000000       0.0000000       0.0000000       0.0000000       0.0000000       0.0000000       0.0000000       0.0000000       0.0000000       0.0000000       0.0000000       0.0000000       0.0000000       0.0000000       0.0000000       0.0000000       0.0000000       0.0000000       0.0000000       0.0000000       0.0000000       0.0000000       0.0000000       0.0000000       0.0000000       0.0000000       0.0000000       0.0000000       0.0000000       0.0000000       0.0000000       0.0000000       0.0000000       0.0000000       0.0000000       0.0000000       0.0000000       0.0000000       0.0000000       0.0000000       0.0000000       0.0000000       0.0000000       0.0000000       0.0000000       0.0000000       0.0000000       0.0000000       0.0000000       0.0000000       0.0000000       0.0000000       0.0000000       0.0000000       0.0000000       0.0000000       0.0000000       0.0000000       0.0000000       0.0000000       0.0000000       0.0000000       0.0000000    
 myid:---->           1 -2.87536709E-35  6.86636248E-44 -2.87536709E-35  6.86636248E-44   0.0000000       0.0000000       0.0000000       0.0000000       0.0000000       0.0000000       0.0000000       0.0000000       0.0000000       0.0000000       0.0000000       0.0000000       0.0000000       0.0000000       0.0000000       0.0000000       0.0000000       0.0000000       0.0000000       0.0000000       0.0000000       0.0000000       0.0000000       0.0000000       0.0000000       0.0000000       0.0000000       0.0000000       0.0000000       0.0000000       0.0000000       0.0000000       0.0000000       0.0000000       0.0000000       0.0000000       0.0000000       0.0000000       0.0000000       0.0000000       0.0000000       0.0000000       0.0000000       0.0000000       0.0000000       0.0000000       0.0000000       0.0000000       0.0000000       0.0000000       0.0000000       0.0000000       0.0000000       0.0000000       0.0000000       0.0000000       0.0000000       0.0000000       0.0000000       0.0000000       0.0000000       0.0000000       0.0000000       0.0000000       0.0000000       0.0000000       0.0000000       0.0000000       0.0000000       0.0000000       0.0000000       0.0000000       0.0000000       0.0000000       0.0000000       0.0000000       0.0000000       0.0000000       0.0000000       0.0000000       0.0000000       0.0000000       0.0000000       0.0000000       0.0000000       0.0000000       0.0000000       0.0000000       0.0000000       0.0000000       0.0000000       0.0000000       0.0000000       0.0000000       0.0000000       0.0000000       0.0000000       0.0000000       0.0000000       0.0000000       0.0000000       0.0000000       0.0000000       0.0000000       0.0000000       0.0000000       0.0000000       0.0000000       0.0000000       0.0000000       0.0000000       0.0000000       0.0000000       0.0000000       0.0000000       0.0000000       0.0000000       0.0000000       0.0000000       0.0000000       0.0000000       0.0000000       0.0000000       0.0000000       0.0000000       0.0000000       0.0000000       0.0000000       0.0000000       0.0000000       0.0000000       0.0000000       0.0000000       0.0000000       0.0000000       0.0000000       0.0000000       0.0000000       0.0000000       0.0000000       0.0000000       0.0000000       0.0000000       0.0000000       0.0000000       0.0000000       0.0000000       0.0000000    
 myid:---->           4 -2.87536709E-35  6.86636248E-44 -2.87536709E-35  6.86636248E-44   0.0000000       0.0000000       0.0000000       0.0000000       0.0000000       0.0000000       0.0000000       0.0000000       0.0000000       0.0000000       0.0000000       0.0000000       0.0000000       0.0000000       0.0000000       0.0000000       0.0000000       0.0000000       0.0000000       0.0000000       0.0000000       0.0000000       0.0000000       0.0000000       0.0000000       0.0000000       0.0000000       0.0000000       0.0000000       0.0000000       0.0000000       0.0000000       0.0000000       0.0000000       0.0000000       0.0000000       0.0000000       0.0000000       0.0000000       0.0000000       0.0000000       0.0000000       0.0000000       0.0000000       0.0000000       0.0000000       0.0000000       0.0000000       0.0000000       0.0000000       0.0000000       0.0000000       0.0000000       0.0000000       0.0000000       0.0000000       0.0000000       0.0000000       0.0000000       0.0000000       0.0000000       0.0000000       0.0000000       0.0000000       0.0000000       0.0000000       0.0000000       0.0000000       0.0000000       0.0000000       0.0000000       0.0000000       0.0000000       0.0000000       0.0000000       0.0000000       0.0000000       0.0000000       0.0000000       0.0000000       0.0000000       0.0000000       0.0000000       0.0000000       0.0000000       0.0000000       0.0000000       0.0000000       0.0000000       0.0000000       0.0000000       0.0000000       0.0000000       0.0000000       0.0000000       0.0000000       0.0000000       0.0000000       0.0000000       0.0000000       0.0000000       0.0000000       0.0000000       0.0000000       0.0000000       0.0000000       0.0000000       0.0000000       0.0000000       0.0000000       0.0000000       0.0000000       0.0000000       0.0000000       0.0000000       0.0000000       0.0000000       0.0000000       0.0000000       0.0000000       0.0000000       0.0000000       0.0000000       0.0000000       0.0000000       0.0000000       0.0000000       0.0000000       0.0000000       0.0000000       0.0000000       0.0000000       0.0000000       0.0000000       0.0000000       0.0000000       0.0000000       0.0000000       0.0000000       0.0000000       0.0000000       0.0000000       0.0000000       0.0000000       0.0000000       0.0000000       0.0000000       0.0000000    
 myid:---->           3 -2.87536709E-35  6.86636248E-44 -2.87536709E-35  6.86636248E-44   0.0000000       0.0000000       0.0000000       0.0000000       0.0000000       0.0000000       0.0000000       0.0000000       0.0000000       0.0000000       0.0000000       0.0000000       0.0000000       0.0000000       0.0000000       0.0000000       0.0000000       0.0000000       0.0000000       0.0000000       0.0000000       0.0000000       0.0000000       0.0000000       0.0000000       0.0000000       0.0000000       0.0000000       0.0000000       0.0000000       0.0000000       0.0000000       0.0000000       0.0000000       0.0000000       0.0000000       0.0000000       0.0000000       0.0000000       0.0000000       0.0000000       0.0000000       0.0000000       0.0000000       0.0000000       0.0000000       0.0000000       0.0000000       0.0000000       0.0000000       0.0000000       0.0000000       0.0000000       0.0000000       0.0000000       0.0000000       0.0000000       0.0000000       0.0000000       0.0000000       0.0000000       0.0000000       0.0000000       0.0000000       0.0000000       0.0000000       0.0000000       0.0000000       0.0000000       0.0000000       0.0000000       0.0000000       0.0000000       0.0000000       0.0000000       0.0000000       0.0000000       0.0000000       0.0000000       0.0000000       0.0000000       0.0000000       0.0000000       0.0000000       0.0000000       0.0000000       0.0000000       0.0000000       0.0000000       0.0000000       0.0000000       0.0000000       0.0000000       0.0000000       0.0000000       0.0000000       0.0000000       0.0000000       0.0000000       0.0000000       0.0000000       0.0000000       0.0000000       0.0000000       0.0000000       0.0000000       0.0000000       0.0000000       0.0000000       0.0000000       0.0000000       0.0000000       0.0000000       0.0000000       0.0000000       0.0000000       0.0000000       0.0000000       0.0000000       0.0000000       0.0000000       0.0000000       0.0000000       0.0000000       0.0000000       0.0000000       0.0000000       0.0000000       0.0000000       0.0000000       0.0000000       0.0000000       0.0000000       0.0000000       0.0000000       0.0000000       0.0000000       0.0000000       0.0000000       0.0000000       0.0000000       0.0000000       0.0000000       0.0000000       0.0000000       0.0000000       0.0000000       0.0000000    
 recur num:   2    seed num:   5  ------->   NS=   -0.1655    <-------- by node  4
 recur num:   2    seed num:   3  ------->   NS=   -0.1051    <-------- by node  2
 recur num:   2    seed num:   4  ------->   NS=   -0.1675    <-------- by node  3
 recur num:   2    seed num:   1  ------->   NS=   -0.1824    <-------- by node  0
 recur num:   2    seed num:   2  ------->   NS=   -0.1126    <-------- by node  1
 recur num:   2    seed num:   8  ------->   NS=   -0.0868    <-------- by node  2
 recur num:   2    seed num:   6  ------->   NS=   -0.1368    <-------- by node  0
 recur num:   2    seed num:  10  ------->   NS=   -0.1282    <-------- by node  4
 recur num:   2    seed num:   9  ------->   NS=   -0.1363    <-------- by node  3
 myid:           3 recv:        -868           2 int_old        -933
 myid:---->           3 -0.10997238     -0.12609187     -0.10279281      0.15541761      4.21902537E-03  1.94607526E-02 -9.86913443E-02 -5.81912547E-02  0.17968430     -0.12927061     -0.16947670     -0.19425607     -1.19446069E-02 -3.66325378E-02 -4.94137108E-02  3.37275267E-02 -0.16276816      3.69021147E-02  1.13226175E-02 -0.11050081     -9.96953472E-02  5.37974685E-02 -7.51746222E-02  9.63510722E-02  0.10545577      0.11620952     -8.77680779E-02 -0.11025286      0.11082064     -6.54226542E-02  0.11947243      0.14947499     -0.17898546     -0.15948632      3.95781249E-02 -1.52716190E-02 -4.86662388E-02  4.90052998E-03  0.21081007      0.26625293      0.20467806      9.97897983E-02  0.60993588      0.67128539      0.19716603      0.80273002      0.21131188      0.42945117      0.17426068      0.36441797      0.98051494      7.14263320E-02  0.20292908      0.86257601      0.38456130      0.12485528      0.30890685      0.81633455      0.68384475      0.88603491      0.47770238      0.47097468      0.95105851      0.94728088      0.45509815      0.29712498      0.80005848      8.47079158E-02  0.70290351      0.95371354      0.17447287      0.57089269      0.45293456      0.92933798      0.40929657      0.84898460       192.44180       215.48907       385.49954       245.67638       175.38858       85.369904       278.84351       167.72710       425.68744       394.55692       287.33435       130.12093       96.229034       94.785408       251.52554       302.80780       130.81241       318.22372       304.44345       283.81729       386.63043       169.05156       98.608711       157.79236       318.47394       47.684792       213.46478       254.54193       149.09390       268.59137       361.25507       362.02911       380.48428       192.39777       247.99962       79.720360       45.540291       401.16312      5.03329039E-02  0.14959502       1.4598446      0.67174923      5.91113567E-02  0.64263201      7.97287226E-02  0.48507833       1.5513357       1.5256509      0.20344388      0.31024611      0.88184690       1.9721396      0.44561684       1.0372555      0.73049283       1.1413907       1.0474843       1.3291783       1.2866821       1.1721786       1.2490051      0.83744013       1.4235188      0.42160332      8.17492008E-02   1.3296735      0.32300985      0.67545652      3.93109322E-02  0.23208570      0.41233873       1.3465581       1.2082498       1.0167677      0.79620504      0.45107710    
 myid:           0 recv:        -868           2 int_old        -933
 myid:---->           0 -0.10997238     -0.12609187     -0.10279281      0.15541761      4.21902537E-03  1.94607526E-02 -9.86913443E-02 -5.81912547E-02  0.17968430     -0.12927061     -0.16947670     -0.19425607     -1.19446069E-02 -3.66325378E-02 -4.94137108E-02  3.37275267E-02 -0.16276816      3.69021147E-02  1.13226175E-02 -0.11050081     -9.96953472E-02  5.37974685E-02 -7.51746222E-02  9.63510722E-02  0.10545577      0.11620952     -8.77680779E-02 -0.11025286      0.11082064     -6.54226542E-02  0.11947243      0.14947499     -0.17898546     -0.15948632      3.95781249E-02 -1.52716190E-02 -4.86662388E-02  4.90052998E-03  0.21081007      0.26625293      0.20467806      9.97897983E-02  0.60993588      0.67128539      0.19716603      0.80273002      0.21131188      0.42945117      0.17426068      0.36441797      0.98051494      7.14263320E-02  0.20292908      0.86257601      0.38456130      0.12485528      0.30890685      0.81633455      0.68384475      0.88603491      0.47770238      0.47097468      0.95105851      0.94728088      0.45509815      0.29712498      0.80005848      8.47079158E-02  0.70290351      0.95371354      0.17447287      0.57089269      0.45293456      0.92933798      0.40929657      0.84898460       192.44180       215.48907       385.49954       245.67638       175.38858       85.369904       278.84351       167.72710       425.68744       394.55692       287.33435       130.12093       96.229034       94.785408       251.52554       302.80780       130.81241       318.22372       304.44345       283.81729       386.63043       169.05156       98.608711       157.79236       318.47394       47.684792       213.46478       254.54193       149.09390       268.59137       361.25507       362.02911       380.48428       192.39777       247.99962       79.720360       45.540291       401.16312      5.03329039E-02  0.14959502       1.4598446      0.67174923      5.91113567E-02  0.64263201      7.97287226E-02  0.48507833       1.5513357       1.5256509      0.20344388      0.31024611      0.88184690       1.9721396      0.44561684       1.0372555      0.73049283       1.1413907       1.0474843       1.3291783       1.2866821       1.1721786       1.2490051      0.83744013       1.4235188      0.42160332      8.17492008E-02   1.3296735      0.32300985      0.67545652      3.93109322E-02  0.23208570      0.41233873       1.3465581       1.2082498       1.0167677      0.79620504      0.45107710    
 myid:           4 recv:        -868           2 int_old        -933
 myid:---->           4 -0.10997238     -0.12609187     -0.10279281      0.15541761      4.21902537E-03  1.94607526E-02 -9.86913443E-02 -5.81912547E-02  0.17968430     -0.12927061     -0.16947670     -0.19425607     -1.19446069E-02 -3.66325378E-02 -4.94137108E-02  3.37275267E-02 -0.16276816      3.69021147E-02  1.13226175E-02 -0.11050081     -9.96953472E-02  5.37974685E-02 -7.51746222E-02  9.63510722E-02  0.10545577      0.11620952     -8.77680779E-02 -0.11025286      0.11082064     -6.54226542E-02  0.11947243      0.14947499     -0.17898546     -0.15948632      3.95781249E-02 -1.52716190E-02 -4.86662388E-02  4.90052998E-03  0.21081007      0.26625293      0.20467806      9.97897983E-02  0.60993588      0.67128539      0.19716603      0.80273002      0.21131188      0.42945117      0.17426068      0.36441797      0.98051494      7.14263320E-02  0.20292908      0.86257601      0.38456130      0.12485528      0.30890685      0.81633455      0.68384475      0.88603491      0.47770238      0.47097468      0.95105851      0.94728088      0.45509815      0.29712498      0.80005848      8.47079158E-02  0.70290351      0.95371354      0.17447287      0.57089269      0.45293456      0.92933798      0.40929657      0.84898460       192.44180       215.48907       385.49954       245.67638       175.38858       85.369904       278.84351       167.72710       425.68744       394.55692       287.33435       130.12093       96.229034       94.785408       251.52554       302.80780       130.81241       318.22372       304.44345       283.81729       386.63043       169.05156       98.608711       157.79236       318.47394       47.684792       213.46478       254.54193       149.09390       268.59137       361.25507       362.02911       380.48428       192.39777       247.99962       79.720360       45.540291       401.16312      5.03329039E-02  0.14959502       1.4598446      0.67174923      5.91113567E-02  0.64263201      7.97287226E-02  0.48507833       1.5513357       1.5256509      0.20344388      0.31024611      0.88184690       1.9721396      0.44561684       1.0372555      0.73049283       1.1413907       1.0474843       1.3291783       1.2866821       1.1721786       1.2490051      0.83744013       1.4235188      0.42160332      8.17492008E-02   1.3296735      0.32300985      0.67545652      3.93109322E-02  0.23208570      0.41233873       1.3465581       1.2082498       1.0167677      0.79620504      0.45107710    
 myid:           2 recv:        -868           2 int_old        -933
 myid:---->           2 -0.12255842     -0.11445948     -0.11651459      0.15506536      3.26146558E-02  3.83447260E-02 -6.45024180E-02 -5.84991388E-02  0.16315192     -9.88913029E-02 -0.17298678     -0.16134129     -2.74212547E-02 -7.20186830E-02 -8.32350552E-02  2.06542388E-02 -0.17344995      4.50341031E-02  4.71563302E-02 -8.96459594E-02 -0.13791361      5.77946939E-02 -9.88845006E-02  0.12235858      0.13543040      0.14342874     -5.60648106E-02 -0.13475312      0.12177631     -9.44208652E-02  0.11141177      0.16612563     -0.17898546     -0.18334807      5.10869622E-02  8.47116299E-03 -7.99865946E-02  3.21245193E-02  0.13303314      0.22314760      0.19736902      3.15756351E-03  0.67214781      0.74082536      0.22166386      0.71795726      0.22546801      0.42034939      0.24830414      0.37496376      0.98051494      0.13995333      0.28873965      0.86055315      0.46291286      4.32249978E-02  0.26259187      0.72463125      0.60735011      0.85523832      0.42090020      0.49348959      0.95157135      0.96194285      0.44390735      0.20612001      0.80655301      0.15312955      0.70185995      0.86419445      0.13964823      0.62718898      0.48936883      0.86253673      0.49792361      0.78696930       155.14447       224.71788       375.96341       247.33464       155.77515       123.36678       288.39746       156.15541       423.23337       362.15173       292.59216       104.77636       98.110382       97.627327       232.06787       300.69235       135.25136       291.98471       294.61041       271.16049       365.35025       144.09140       77.348534       129.19102       335.01526       68.421944       245.06046       262.16092       143.74719       306.65839       367.71649       337.31183       369.47620       187.23387       218.46304       90.097122       45.540291       401.16312      0.11192808      0.28411269       1.5758661      0.79725480      7.46875256E-02  0.76151979      0.23327561      0.29697722       1.5891588       1.5988477      0.13701198      0.11998081      0.83208656       1.9721396      0.29185957       1.2017606      0.87815553       1.0300907       1.1471530       1.3242321       1.2232194       1.1217964       1.0754704      0.95425361       1.5800129      0.58373731      4.72588278E-02   1.2712847      0.17692168      0.56243688      3.93109322E-02  0.27928898      0.35459155       1.3572416       1.0825752      0.85923463      0.67508233      0.54162669    
 recur num:   2    seed num:   7  ------->   NS=   -0.1385    <-------- by node  1
 myid:           1 recv:        -868           2 int_old        -933
 myid:---->           1 -0.10997238     -0.12609187     -0.10279281      0.15541761      4.21902537E-03  1.94607526E-02 -9.86913443E-02 -5.81912547E-02  0.17968430     -0.12927061     -0.16947670     -0.19425607     -1.19446069E-02 -3.66325378E-02 -4.94137108E-02  3.37275267E-02 -0.16276816      3.69021147E-02  1.13226175E-02 -0.11050081     -9.96953472E-02  5.37974685E-02 -7.51746222E-02  9.63510722E-02  0.10545577      0.11620952     -8.77680779E-02 -0.11025286      0.11082064     -6.54226542E-02  0.11947243      0.14947499     -0.17898546     -0.15948632      3.95781249E-02 -1.52716190E-02 -4.86662388E-02  4.90052998E-03  0.21081007      0.26625293      0.20467806      9.97897983E-02  0.60993588      0.67128539      0.19716603      0.80273002      0.21131188      0.42945117      0.17426068      0.36441797      0.98051494      7.14263320E-02  0.20292908      0.86257601      0.38456130      0.12485528      0.30890685      0.81633455      0.68384475      0.88603491      0.47770238      0.47097468      0.95105851      0.94728088      0.45509815      0.29712498      0.80005848      8.47079158E-02  0.70290351      0.95371354      0.17447287      0.57089269      0.45293456      0.92933798      0.40929657      0.84898460       192.44180       215.48907       385.49954       245.67638       175.38858       85.369904       278.84351       167.72710       425.68744       394.55692       287.33435       130.12093       96.229034       94.785408       251.52554       302.80780       130.81241       318.22372       304.44345       283.81729       386.63043       169.05156       98.608711       157.79236       318.47394       47.684792       213.46478       254.54193       149.09390       268.59137       361.25507       362.02911       380.48428       192.39777       247.99962       79.720360       45.540291       401.16312      5.03329039E-02  0.14959502       1.4598446      0.67174923      5.91113567E-02  0.64263201      7.97287226E-02  0.48507833       1.5513357       1.5256509      0.20344388      0.31024611      0.88184690       1.9721396      0.44561684       1.0372555      0.73049283       1.1413907       1.0474843       1.3291783       1.2866821       1.1721786       1.2490051      0.83744013       1.4235188      0.42160332      8.17492008E-02   1.3296735      0.32300985      0.67545652      3.93109322E-02  0.23208570      0.41233873       1.3465581       1.2082498       1.0167677      0.79620504      0.45107710    
